1
0.900000
4696.256000
2129355.810245
2
0.900000
4084.773000
4896232.911841
4
0.900000
5022.151000
7964714.720844
8
0.900000
4978.984000
16067535.063378
12
0.900000
6024.652000
19918162.907999
16
0.900000
6802.961000
23519170.549412
20
0.900000
6607.759000
30267447.708066
 
1
0.900000
5302.770000
1885806.851891
2
0.900000
4715.427000
4241397.438663
4
0.900000
5249.038000
7620443.974686
8
0.900000
7846.922000
10195080.313020
12
0.900000
9851.972000
12180302.583077
16
0.900000
6407.185000
24971965.067342
20
0.900000
7057.294000
28339474.025030
 
1
0.900000
6031.161000
1658055.555141
2
0.900000
4196.260000
4766148.904024
4
0.900000
12461.818000
3209804.540557
8
0.900000
13362.215000
5987031.341735
12
0.900000
14205.754000
8447281.291792
16
0.900000
9033.426000
17711995.426763
20
0.900000
13251.563000
15092559.270178
 
1
0.900000
4491.159000
2226596.742623
2
0.900000
4071.094000
4912684.403750
4
0.900000
7373.300000
5424979.317266
8
0.900000
7501.039000
10665189.182459
12
0.900000
7793.116000
15398205.287846
16
0.900000
14592.203000
10964759.741898
20
0.900000
15479.095000
12920652.014863
 
1
0.900000
3335.982000
2997618.092664
2
0.900000
3277.001000
6103141.256289
4
0.900000
4626.099000
8646594.030954
8
0.900000
49533.508000
1615068.329100
12
0.900000
61447.593000
1952883.654857
16
0.900000
65370.267000
2447595.938380
20
0.900000
66596.494000
3003161.097339
 
1
0.900000
3318.231000
3013653.962006
2
0.900000
3212.549000
6225585.975498
4
0.900000
5754.635000
6950918.694235
8
0.900000
36584.348000
2186727.504341
12
0.900000
61410.459000
1954064.534838
16
0.900000
59121.789000
2706278.052581
20
0.900000
60817.631000
3288520.067478
 
1
0.900000
4178.665000
2393108.803888
2
0.900000
3335.754000
5995645.961902
4
0.900000
4603.415000
8689201.386362
8
0.900000
39247.825000
2038329.512527
12
0.900000
48269.697000
2486031.764401
16
0.900000
62568.354000
2557203.278833
20
0.900000
64481.058000
3101686.079655
 
1
0.900000
3117.834000
3207354.849553
2
0.900000
3156.738000
6335654.083424
4
0.900000
4845.572000
8254959.373217
8
0.900000
38204.578000
2093989.887809
12
0.900000
55921.097000
2145880.650374
16
0.900000
59251.300000
2700362.692464
20
0.900000
62143.168000
3218374.705326
