1
0.200000
4552.158000
2196760.305771
2
0.200000
4099.312000
4878867.478250
4
0.200000
3792.296000
10547699.863091
8
0.200000
3657.499000
21872869.958406
12
0.200000
3893.101000
30823757.205374
16
0.200000
4825.655000
33156120.775314
20
0.200000
6229.436000
32105635.245310
 
1
0.600000
4582.877000
2182035.433201
2
0.600000
4065.778000
4919107.732887
4
0.600000
4842.739000
8259788.520505
8
0.600000
4576.460000
17480760.238263
12
0.600000
4688.652000
25593710.089808
16
0.600000
4613.562000
34680361.941597
20
0.600000
4938.636000
40497011.725505
 
1
0.900000
4582.175000
2182369.726167
2
0.900000
4120.177000
4854160.391653
4
0.900000
4969.028000
8049864.078045
8
0.900000
4795.757000
16681412.340116
12
0.900000
6081.255000
19732768.976141
16
0.900000
6579.254000
24318866.546268
20
0.900000
6577.477000
30406795.797233
 
1
0.990000
4604.445000
2171814.409771
2
0.990000
4161.582000
4805864.692802
4
0.990000
4954.285000
8073818.926444
8
0.990000
5470.249000
14624562.794125
12
0.990000
6875.865000
17452349.631646
16
0.990000
7379.956000
21680346.061684
20
0.990000
7662.768000
26100229.055610
 
1
0.200000
3269.062000
3058981.444830
2
0.200000
3224.963000
6201621.537984
4
0.200000
2992.891000
13365003.937664
8
0.200000
3117.628000
25660534.226662
12
0.200000
3634.994000
33012434.133316
16
0.200000
4804.565000
33301662.065140
20
0.200000
6032.443000
33154063.784772
 
1
0.600000
3203.440000
3121644.232450
2
0.600000
3062.929000
6529697.554204
4
0.600000
2884.896000
13865317.848546
8
0.600000
4073.807000
19637650.973647
12
0.600000
10958.115000
10950788.525216
16
0.600000
21272.914000
7521301.501054
20
0.600000
21415.821000
9338890.159756
1
0.900000
3241.980000
3084534.759622
2
0.900000
3276.426000
6104212.333805
4
0.900000
5135.017000
7789652.887225
8
0.900000
38025.754000
2103837.309840
12
0.900000
56056.504000
2140697.179403
16
0.900000
61176.314000
2615391.309780
20
0.900000
62544.010000
3197748.273576
1
0.990000
3250.700000
3076260.497739
2
0.990000
3400.556000
5881391.160740
4
0.990000
7327.593000
5458818.468766
8
0.990000
51020.078000
1568010.146907
12
0.990000
70576.311000
1700287.225270
16
0.990000
110945.328000
1442151.759649
20
0.990000
65428.915000
3056752.507664
